0.001497 0.013568 0.152925
-0.001799 -0.040141 -0.171951
-0.003282 -0.027311 -0.366690
0.000990 -0.025286 0.391908
-0.097668 -0.025024 -0.399642
-0.104710 -0.000172 -0.865403
-0.113675 0.003586 -1.284691
-0.133968 -0.071822 -1.335158
0.090609 -0.025320 -0.398652
0.099851 -0.000438 -0.863821
0.110594 0.003457 -1.279811
0.131251 -0.080692 -1.332369
-0.162144 0.032131 0.093507
-0.401790 0.025970 0.116005
-0.615922 -0.072595 0.121641
-0.686757 -0.123359 0.110817
0.163958 0.032271 0.098162
0.404975 0.025376 0.122067
0.619772 -0.073468 0.126537
0.688443 -0.122522 0.115695
